ALASKA                                HAWAII
YEAR MAX_LEVEL MEAN_LEVEL %CHANGE     MAX_LEVEL MEAN_LEVEL %CHANGE
1973    339.78     329.22       -             -          -       -
1974    340.21     333.78    1.39        333.64     329.55       -
1975    343.09     333.62   -0.05        334.63     331.39    0.56
1976    338.84     332.97   -0.19        336.73     332.07    0.21
1977     342.0     334.95    0.59        337.64     333.85    0.54
1978    343.36      337.2    0.67        338.87     335.43    0.47
1979    344.21     338.36    0.34        340.24     336.69    0.38
1980    347.27     340.42    0.61        342.38     338.83    0.64
1981    348.65     341.96    0.45        343.42     340.09    0.37
1982    351.49     343.08    0.33        345.12     341.32    0.36
1983     353.0     344.22    0.33        346.49     343.18    0.54
1984    353.37     346.41    0.64        348.33     344.74    0.45
1985    354.95     347.11     0.2        349.92     346.07    0.39
1986    355.85     349.13    0.58        351.14      347.3    0.36
1987    356.13     350.13    0.29        352.65     349.27    0.57
1988    360.54     353.47    0.95        354.92     351.58    0.66
1989    364.24     355.25     0.5        356.72      353.2    0.46
1990    363.51     356.04    0.22         358.1     354.47    0.36
1991    370.37     357.89    0.52        360.46     355.67    0.34
1992    365.16     357.87   -0.01        360.63     356.43    0.21
1993    364.73     357.53    -0.1        361.14     357.16     0.2
1994    369.61      360.4     0.8        362.74     358.91    0.49
1995    372.87     362.45    0.57        365.04     360.86    0.54
1996     371.1      364.3    0.51         366.0     362.67     0.5
1997    372.72     365.25    0.26        368.02     363.71    0.29
1998     376.4     368.04    0.76        370.63      366.7    0.82
1999    376.55     369.75    0.46        372.23     368.31    0.44
2000    379.14     371.22     0.4        373.34     369.58    0.34
2001    379.53     372.99    0.48        375.36     371.07     0.4
2002    381.25     374.54    0.42        376.58     373.29     0.6
2003    387.12      377.9     0.9        380.17     375.83    0.68
2004    385.72     378.68    0.21        381.58     377.66    0.49
2005    388.57      381.4    0.72        383.79     379.96    0.61
2006    390.53     383.63    0.58        385.68     381.89    0.51
2007    392.34     385.29    0.43        387.83     383.86    0.52
2008    396.01     388.12    0.73        390.63     385.52    0.43
2009    396.47      388.5     0.1        391.32     387.42    0.49
2010    399.17     391.21     0.7        394.02     389.84    0.62
2011    403.81     393.28    0.53        395.83     391.66    0.47
2012     403.2     395.55    0.58        397.78     393.87    0.56
2013    408.07     398.31     0.7        400.63     396.47    0.66
2014    409.08     399.83    0.38        402.71     398.71    0.56
2015    409.99     401.91    0.52        404.65     400.87    0.54
2016    412.46     404.94    0.75        409.34     404.25    0.84

Mean annual percent change:
Alaska: 0.47%
Hawaii: 0.48%
