EP011949,            UNNAMED,      7,
19490611, 0000,  , TS, 20.2N, 106.3W,  45, -999, -999, -999, -999, -999, -999, -999, -999, -999, -999, -999, -999, -999, -999
19490611, 0600,  , TS, 20.2N, 106.4W,  45, -999, -999, -999, -999, -999, -999, -999, -999, -999, -999, -999, -999, -999, -999
19490611, 1200,  , TS, 20.2N, 106.7W,  45, -999, -999, -999, -999, -999, -999, -999, -999, -999, -999, -999, -999, -999, -999
19490611, 1800,  , TS, 20.3N, 107.7W,  45, -999, -999, -999, -999, -999, -999, -999, -999, -999, -999, -999, -999, -999, -999
19490612, 0000,  , TS, 20.4N, 108.6W,  45, -999, -999, -999, -999, -999, -999, -999, -999, -999, -999, -999, -999, -999, -999
19490612, 0600,  , TS, 20.5N, 109.4W,  45, -999, -999, -999, -999, -999, -999, -999, -999, -999, -999, -999, -999, -999, -999
19490612, 1200,  , TS, 20.6N, 110.2W,  45, -999, -999, -999, -999, -999, -999, -999, -999, -999, -999, -999, -999, -999, -999
EP021949,            UNNAMED,     25,
19490617, 1200,  , TS, 14.1N, 107.0W,  45, -999, -999, -999, -999, -999, -999, -999, -999, -999, -999, -999, -999, -999, -999
19490617, 1800,  , TS, 14.6N, 107.7W,  45, -999, -999, -999, -999, -999, -999, -999, -999, -999, -999, -999, -999, -999, -999
19490618, 0000,  , TS, 15.0N, 108.4W,  45, -999, -999, -999, -999, -999, -999, -999, -999, -999, -999, -999, -999, -999, -999
19490618, 0600,  , TS, 15.4N, 109.2W,  45, -999, -999, -999, -999, -999, -999, -999, -999, -999, -999, -999, -999, -999, -999
19490618, 1200,  , TS, 15.7N, 110.0W,  45, -999, -999, -999, -999, -999, -999, -999, -999, -999, -999, -999, -999, -999, -999
19490618, 1800,  , TS, 16.0N, 110.8W,  45, -999, -999, -999, -999, -999, -999, -999, -999, -999, -999, -999, -999, -999, -999
19490619, 0000,  , TS, 16.3N, 111.6W,  45, -999, -999, -999, -999, -999, -999, -999, -999, -999, -999, -999, -999, -999, -999
19490619, 0600,  , TS, 16.7N, 112.3W,  45, -999, -999, -999, -999, -999, -999, -999, -999, -999, -999, -999, -999, -999, -999
19490619, 1200,  , TS, 17.1N, 112.9W,  45, -999, -999, -999, -999, -999, -999, -999, -999, -999, -999, -999, -999, -999, -999
19490619, 1800,  , TS, 17.5N, 113.5W,  45, -999, -999, -999, -999, -999, -999, -999, -999, -999, -999, -999, -999, -999, -999
19490620, 0000,  , TS, 18.0N, 114.1W,  45, -999, -999, -999, -999, -999, -999, -999, -999, -999, -999, -999, -999, -999, -999
19490620, 0600,  , TS, 18.4N, 114.6W,  45, -999, -999, -999, -999, -999, -999, -999, -999, -999, -999, -999, -999, -999, -999
19490620, 1200,  , TS, 18.9N, 115.1W,  45, -999, -999, -999, -999, -999, -999, -999, -999, -999, -999, -999, -999, -999, -999
19490620, 1800,  , TS, 19.4N, 115.6W,  45, -999, -999, -999, -999, -999, -999, -999, -999, -999, -999, -999, -999, -999, -999
19490621, 0000,  , TS, 19.9N, 116.0W,  45, -999, -999, -999, -999, -999, -999, -999, -999, -999, -999, -999, -999, -999, -999
19490621, 0600,  , TS, 20.4N, 116.4W,  45, -999, -999, -999, -999, -999, -999, -999, -999, -999, -999, -999, -999, -999, -999
19490621, 1200,  , TS, 21.0N, 116.7W,  45, -999, -999, -999, -999, -999, -999, -999, -999, -999, -999, -999, -999, -999, -999
19490621, 1800,  , TS, 21.5N, 117.1W,  45, -999, -999, -999, -999, -999, -999, -999, -999, -999, -999, -999, -999, -999, -999
19490622, 0000,  , TS, 22.0N, 117.5W,  45, -999, -999, -999, -999, -999, -999, -999, -999, -999, -999, -999, -999, -999, -999
19490622, 0600,  , TS, 22.5N, 117.8W,  45, -999, -999, -999, -999, -999, -999, -999, -999, -999, -999, -999, -999, -999, -999
19490622, 1200,  , TS, 23.1N, 118.0W,  45, -999, -999, -999, -999, -999, -999, -999, -999, -999, -999, -999, -999, -999, -999
19490622, 1800,  , TS, 23.9N, 118.0W,  45, -999, -999, -999, -999, -999, -999, -999, -999, -999, -999, -999, -999, -999, -999
19490623, 0000,  , TS, 24.7N, 117.7W,  45, -999, -999, -999, -999, -999, -999, -999, -999, -999, -999, -999, -999, -999, -999
19490623, 0600,  , TS, 25.4N, 117.4W,  45, -999, -999, -999, -999, -999, -999, -999, -999, -999, -999, -999, -999, -999, -999
19490623, 1200,  , TS, 26.0N, 117.0W,  45, -999, -999, -999, -999, -999, -999, -999, -999, -999, -999, -999, -999, -999, -999
EP031949,            UNNAMED,     25,
19490903, 1200,  , TS, 17.3N, 106.3W,  45, -999, -999, -999, -999, -999, -999, -999, -999, -999, -999, -999, -999, -999, -999
19490903, 1800,  , TS, 17.6N, 106.6W,  45, -999, -999, -999, -999, -999, -999, -999, -999, -999, -999, -999, -999, -999, -999
19490904, 0000,  , TS, 17.9N, 106.8W,  45, -999, -999, -999, -999, -999, -999, -999, -999, -999, -999, -999, -999, -999, -999
19490904, 0600,  , TS, 18.4N, 106.8W,  45, -999, -999, -999, -999, -999, -999, -999, -999, -999, -999, -999, -999, -999, -999
19490904, 1200,  , TS, 18.8N, 106.9W,  45, -999, -999, -999, -999, -999, -999, -999, -999, -999, -999, -999, -999, -999, -999
19490904, 1800,  , TS, 18.9N, 106.9W,  45, -999, -999, -999, -999, -999, -999, -999, -999, -999, -999, -999, -999, -999, -999
19490905, 0000,  , TS, 19.0N, 107.0W,  45, -999, -999, -999, -999, -999, -999, -999, -999, -999, -999, -999, -999, -999, -999
19490905, 0600,  , TS, 19.0N, 107.1W,  45, -999, -999, -999, -999, -999, -999, -999, -999, -999, -999, -999, -999, -999, -999
19490905, 1200,  , TS, 19.1N, 107.2W,  45, -999, -999, -999, -999, -999, -999, -999, -999, -999, -999, -999, -999, -999, -999
19490905, 1800,  , TS, 19.6N, 107.9W,  45, -999, -999, -999, -999, -999, -999, -999, -999, -999, -999, -999, -999, -999, -999
19490906, 0000,  , TS, 20.2N, 108.8W,  45, -999, -999, -999, -999, -999, -999, -999, -999, -999, -999, -999, -999, -999, -999
19490906, 0600,  , TS, 20.7N, 109.4W,  45, -999, -999, -999, -999, -999, -999, -999, -999, -999, -999, -999, -999, -999, -999
19490906, 1200,  , TS, 21.2N, 110.0W,  45, -999, -999, -999, -999, -999, -999, -999, -999, -999, -999, -999, -999, -999, -999
19490906, 1800,  , TS, 22.0N, 110.8W,  45, -999, -999, -999, -999, -999, -999, -999, -999, -999, -999, -999, -999, -999, -999
19490907, 0000,  , TS, 22.9N, 111.7W,  45, -999, -999, -999, -999, -999, -999, -999, -999, -999, -999, -999, -999, -999, -999
19490907, 0600,  , TS, 23.8N, 112.8W,  45, -999, -999, -999, -999, -999, -999, -999, -999, -999, -999, -999, -999, -999, -999
19490907, 1200,  , TS, 24.8N, 113.8W,  45, -999, -999, -999, -999, -999, -999, -999, -999, -999, -999, -999, -999, -999, -999
19490907, 1800,  , TS, 25.5N, 114.5W,  45, -999, -999, -999, -999, -999, -999, -999, -999, -999, -999, -999, -999, -999, -999
19490908, 0000,  , TS, 26.2N, 115.2W,  45, -999, -999, -999, -999, -999, -999, -999, -999, -999, -999, -999, -999, -999, -999
19490908, 0600,  , TS, 27.6N, 115.9W,  45, -999, -999, -999, -999, -999, -999, -999, -999, -999, -999, -999, -999, -999, -999
19490908, 1200,  , TS, 28.6N, 116.4W,  45, -999, -999, -999, -999, -999, -999, -999, -999, -999, -999, -999, -999, -999, -999
19490908, 1800,  , TS, 28.4N, 116.4W,  45, -999, -999, -999, -999, -999, -999, -999, -999, -999, -999, -999, -999, -999, -999
19490909, 0000,  , TS, 28.2N, 116.4W,  45, -999, -999, -999, -999, -999, -999, -999, -999, -999, -999, -999, -999, -999, -999
19490909, 0600,  , TS, 28.1N, 116.4W,  45, -999, -999, -999, -999, -999, -999, -999, -999, -999, -999, -999, -999, -999, -999
19490909, 1200,  , TS, 28.0N, 116.5W,  45, -999, -999, -999, -999, -999, -999, -999, -999, -999, -999, -999, -999, -999, -999
EP041949,            UNNAMED,      9,
19490909, 1200,  , HU, 19.3N, 108.6W,  75, -999, -999, -999, -999, -999, -999, -999, -999, -999, -999, -999, -999, -999, -999
19490909, 1800,  , HU, 20.2N, 109.4W,  75, -999, -999, -999, -999, -999, -999, -999, -999, -999, -999, -999, -999, -999, -999
19490910, 0000,  , HU, 21.2N, 110.2W,  75, -999, -999, -999, -999, -999, -999, -999, -999, -999, -999, -999, -999, -999, -999
19490910, 0600,  , HU, 21.8N, 110.6W,  75, -999, -999, -999, -999, -999, -999, -999, -999, -999, -999, -999, -999, -999, -999
19490910, 1200,  , HU, 22.5N, 110.9W,  75, -999, -999, -999, -999, -999, -999, -999, -999, -999, -999, -999, -999, -999, -999
19490910, 1800,  , HU, 23.2N, 111.0W,  75, -999, -999, -999, -999, -999, -999, -999, -999, -999, -999, -999, -999, -999, -999
19490911, 0000,  , HU, 23.9N, 111.0W,  75, -999, -999, -999, -999, -999, -999, -999, -999, -999, -999, -999, -999, -999, -999
19490911, 0600,  , HU, 24.3N, 111.0W,  75, -999, -999, -999, -999, -999, -999, -999, -999, -999, -999, -999, -999, -999, -999
19490911, 1200,  , HU, 24.5N, 110.9W,  75, -999, -999, -999, -999, -999, -999, -999, -999, -999, -999, -999, -999, -999, -999
EP051949,            UNNAMED,      9,
19490917, 1200,  , TS, 15.4N, 101.3W,  45, -999, -999, -999, -999, -999, -999, -999, -999, -999, -999, -999, -999, -999, -999
19490917, 1800,  , TS, 15.8N, 102.8W,  45, -999, -999, -999, -999, -999, -999, -999, -999, -999, -999, -999, -999, -999, -999
19490918, 0000,  , TS, 16.5N, 103.9W,  45, -999, -999, -999, -999, -999, -999, -999, -999, -999, -999, -999, -999, -999, -999
19490918, 0600,  , TS, 17.7N, 104.6W,  45, -999, -999, -999, -999, -999, -999, -999, -999, -999, -999, -999, -999, -999, -999
19490918, 1200,  , TS, 18.7N, 105.4W,  45, -999, -999, -999, -999, -999, -999, -999, -999, -999, -999, -999, -999, -999, -999
19490918, 1800,  , TS, 19.0N, 106.1W,  45, -999, -999, -999, -999, -999, -999, -999, -999, -999, -999, -999, -999, -999, -999
19490919, 0000,  , TS, 19.3N, 106.7W,  45, -999, -999, -999, -999, -999, -999, -999, -999, -999, -999, -999, -999, -999, -999
19490919, 0600,  , TS, 19.7N, 107.3W,  45, -999, -999, -999, -999, -999, -999, -999, -999, -999, -999, -999, -999, -999, -999
19490919, 1200,  , TS, 20.1N, 107.9W,  45, -999, -999, -999, -999, -999, -999, -999, -999, -999, -999, -999, -999, -999, -999
EP061949,            UNNAMED,      7,
19490929, 0000,  , TD, 16.1N, 107.4W,  25, -999, -999, -999, -999, -999, -999, -999, -999, -999, -999, -999, -999, -999, -999
19490929, 0600,  , TS, 17.0N, 107.2W,  45, -999, -999, -999, -999, -999, -999, -999, -999, -999, -999, -999, -999, -999, -999
19490929, 1200,  , HU, 17.9N, 107.3W,  75, -999, -999, -999, -999, -999, -999, -999, -999, -999, -999, -999, -999, -999, -999
19490929, 1800,  , HU, 18.6N, 107.9W,  75, -999, -999, -999, -999, -999, -999, -999, -999, -999, -999, -999, -999, -999, -999
19490930, 0000,  , TS, 18.8N, 108.8W,  45, -999, -999, -999, -999, -999, -999, -999, -999, -999, -999, -999, -999, -999, -999
19490930, 0600,  , TS, 18.2N, 110.1W,  45, -999, -999, -999, -999, -999, -999, -999, -999, -999, -999, -999, -999, -999, -999
19490930, 1200,  , TD, 16.7N, 111.6W,  25, -999, -999, -999, -999, -999, -999, -999, -999, -999, -999, -999, -999, -999, -999
EP011950,            UNNAMED,     21,
19500614, 1200,  , HU, 14.1N,  98.2W,  75, -999, -999, -999, -999, -999, -999, -999, -999, -999, -999, -999, -999, -999, -999
19500614, 1800,  , HU, 14.2N,  98.5W,  75, -999, -999, -999, -999, -999, -999, -999, -999, -999, -999, -999, -999, -999, -999
19500615, 0000,  , HU, 14.4N,  98.9W,  75, -999, -999, -999, -999, -999, -999, -999, -999, -999, -999, -999, -999, -999, -999
19500615, 0600,  , HU, 14.8N,  99.5W,  75, -999, -999, -999, -999, -999, -999, -999, -999, -999, -999, -999, -999, -999, -999
19500615, 1200,  , HU, 15.2N,  99.9W,  75, -999, -999, -999, -999, -999, -999, -999, -999, -999, -999, -999, -999, -999, -999
19500615, 1800,  , HU, 15.4N, 100.0W,  75, -999, -999, -999, -999, -999, -999, -999, -999, -999, -999, -999, -999, -999, -999
19500616, 0000,  , HU, 15.6N, 100.1W,  75, -999, -999, -999, -999, -999, -999, -999, -999, -999, -999, -999, -999, -999, -999
19500616, 0600,  , HU, 15.9N, 100.2W,  75, -999, -999, -999, -999, -999, -999, -999, -999, -999, -999, -999, -999, -999, -999
19500616, 1200,  , HU, 16.1N, 100.3W,  75, -999, -999, -999, -999, -999, -999, -999, -999, -999, -999, -999, -999, -999, -999
19500616, 1800,  , HU, 16.1N, 100.6W,  75, -999, -999, -999, -999, -999, -999, -999, -999, -999, -999, -999, -999, -999, -999
19500617, 0000,  , HU, 16.2N, 101.1W,  75, -999, -999, -999, -999, -999, -999, -999, -999, -999, -999, -999, -999, -999, -999
19500617, 0600,  , HU, 16.4N, 101.6W,  75, -999, -999, -999, -999, -999, -999, -999, -999, -999, -999, -999, -999, -999, -999
19500617, 1200,  , HU, 16.6N, 102.1W,  75, -999, -999, -999, -999, -999, -999, -999, -999, -999, -999, -999, -999, -999, -999
19500617, 1800,  , HU, 16.8N, 102.8W,  75, -999, -999, -999, -999, -999, -999, -999, -999, -999, -999, -999, -999, -999, -999
19500618, 0000,  , HU, 17.0N, 103.6W,  75, -999, -999, -999, -999, -999, -999, -999, -999, -999, -999, -999, -999, -999, -999
19500618, 0600,  , HU, 17.4N, 105.0W,  75, -999, -999, -999, -999, -999, -999, -999, -999, -999, -999, -999, -999, -999, -999
19500618, 1200,  , HU, 18.1N, 106.0W,  75, -999, -999, -999, -999, -999, -999, -999, -999, -999, -999, -999, -999, -999, -999
19500618, 1800,  , HU, 19.0N, 106.0W,  75, -999, -999, -999, -999, -999, -999, -999, -999, -999, -999, -999, -999, -999, -999
19500619, 0000,  , HU, 20.0N, 106.0W,  75, -999, -999, -999, -999, -999, -999, -999, -999, -999, -999, -999, -999, -999, -999
19500619, 0600,  , HU, 20.8N, 106.0W,  75, -999, -999, -999, -999, -999, -999, -999, -999, -999, -999, -999, -999, -999, -999
19500619, 1200,  , HU, 21.5N, 106.0W,  75, -999, -999, -999, -999, -999, -999, -999, -999, -999, -999, -999, -999, -999, -999
EP021950,            UNNAMED,     13,
19500703, 1200,  , HU, 18.4N, 105.9W,  75, -999, -999, -999, -999, -999, -999, -999, -999, -999, -999, -999, -999, -999, -999
19500703, 1800,  , HU, 19.0N, 106.3W,  75, -999, -999, -999, -999, -999, -999, -999, -999, -999, -999, -999, -999, -999, -999
19500704, 0000,  , HU, 19.5N, 106.7W,  75, -999, -999, -999, -999, -999, -999, -999, -999, -999, -999, -999, -999, -999, -999
19500704, 0600,  , HU, 20.2N, 107.2W,  75, -999, -999, -999, -999, -999, -999, -999, -999, -999, -999, -999, -999, -999, -999
19500704, 1200,  , HU, 20.7N, 107.8W,  75, -999, -999, -999, -999, -999, -999, -999, -999, -999, -999, -999, -999, -999, -999
19500704, 1800,  , HU, 21.0N, 108.4W,  75, -999, -999, -999, -999, -999, -999, -999, -999, -999, -999, -999, -999, -999, -999
19500705, 0000,  , HU, 21.1N, 109.0W,  75, -999, -999, -999, -999, -999, -999, -999, -999, -999, -999, -999, -999, -999, -999
19500705, 0600,  , HU, 21.2N, 109.7W,  75, -999, -999, -999, -999, -999, -999, -999, -999, -999, -999, -999, -999, -999, -999
19500705, 1200,  , HU, 21.4N, 110.4W,  75, -999, -999, -999, -999, -999, -999, -999, -999, -999, -999, -999, -999, -999, -999
19500705, 1800,  , HU, 21.8N, 111.2W,  75, -999, -999, -999, -999, -999, -999, -999, -999, -999, -999, -999, -999, -999, -999
19500706, 0000,  , HU, 22.3N, 112.0W,  75, -999, -999, -999, -999, -999, -999, -999, -999, -999, -999, -999, -999, -999, -999
19500706, 0600,  , HU, 22.8N, 112.8W,  75, -999, -999, -999, -999, -999, -999, -999, -999, -999, -999, -999, -999, -999, -999
19500706, 1200,  , HU, 23.3N, 113.6W,  75, -999, -999, -999, -999, -999, -999, -999, -999, -999, -999, -999, -999, -999, -999
EP031950,            UNNAMED,     13,
19500709, 1200,  , HU, 16.1N, 108.0W,  75, -999, -999, -999, -999, -999, -999, -999, -999, -999, -999, -999, -999, -999, -999
19500709, 1800,  , HU, 16.4N, 108.4W,  75, -999, -999, -999, -999, -999, -999, -999, -999, -999, -999, -999, -999, -999, -999
19500710, 0000,  , HU, 16.7N, 108.9W,  75, -999, -999, -999, -999, -999, -999, -999, -999, -999, -999, -999, -999, -999, -999
19500710, 0600,  , HU, 17.1N, 109.7W,  75, -999, -999, -999, -999, -999, -999, -999, -999, -999, -999, -999, -999, -999, -999
19500710, 1200,  , HU, 17.5N, 110.5W,  75, -999, -999, -999, -999, -999, -999, -999, -999, -999, -999, -999, -999, -999, -999
19500710, 1800,  , HU, 17.8N, 111.2W,  75, -999, -999, -999, -999, -999, -999, -999, -999, -999, -999, -999, -999, -999, -999
19500711, 0000,  , HU, 18.0N, 112.0W,  75, -999, -999, -999, -999, -999, -999, -999, -999, -999, -999, -999, -999, -999, -999
19500711, 0600,  , HU, 18.3N, 113.0W,  75, -999, -999, -999, -999, -999, -999, -999, -999, -999, -999, -999, -999, -999, -999
19500711, 1200,  , HU, 18.6N, 114.0W,  75, -999, -999, -999, -999, -999, -999, -999, -999, -999, -999, -999, -999, -999, -999
19500711, 1800,  , HU, 18.7N, 114.9W,  75, -999, -999, -999, -999, -999, -999, -999, -999, -999, -999, -999, -999, -999, -999
19500712, 0000,  , HU, 18.6N, 115.9W,  75, -999, -999, -999, -999, -999, -999, -999, -999, -999, -999, -999, -999, -999, -999
19500712, 0600,  , HU, 18.4N, 117.0W,  75, -999, -999, -999, -999, -999, -999, -999, -999, -999, -999, -999, -999, -999, -999
19500712, 1200,  , HU, 18.1N, 118.0W,  75, -999, -999, -999, -999, -999, -999, -999, -999, -999, -999, -999, -999, -999, -999
CP011950,               HIKI,     39,
19500812, 0000,  , TD, 14.5N, 144.5W,  25, -999, -999, -999, -999, -999, -999, -999, -999, -999, -999, -999, -999, -999, -999
19500812, 0600,  , TD, 14.9N, 144.8W,  25, -999, -999, -999, -999, -999, -999, -999, -999, -999, -999, -999, -999, -999, -999
19500812, 1200,  , TD, 15.2N, 145.2W,  25, -999, -999, -999, -999, -999, -999, -999, -999, -999, -999, -999, -999, -999, -999
19500812, 1800,  , TD, 15.5N, 145.6W,  25, -999, -999, -999, -999, -999, -999, -999, -999, -999, -999, -999, -999, -999, -999
19500813, 0000,  , TD, 15.7N, 145.8W,  25, -999, -999, -999, -999, -999, -999, -999, -999, -999, -999, -999, -999, -999, -999
19500813, 0600,  , TS, 15.9N, 146.3W,  45, -999, -999, -999, -999, -999, -999, -999, -999, -999, -999, -999, -999, -999, -999
19500813, 1200,  , TS, 16.3N, 146.9W,  45, -999, -999, -999, -999, -999, -999, -999, -999, -999, -999, -999, -999, -999, -999
19500813, 1800,  , TS, 16.6N, 147.6W,  45, -999, -999, -999, -999, -999, -999, -999, -999, -999, -999, -999, -999, -999, -999
19500814, 0000,  , TS, 16.8N, 148.1W,  45, -999, -999, -999, -999, -999, -999, -999, -999, -999, -999, -999, -999, -999, -999
19500814, 0600,  , TS, 17.5N, 149.1W,  45, -999, -999, -999, -999, -999, -999, -999, -999, -999, -999, -999, -999, -999, -999
19500814, 1200,  , TS, 18.3N, 150.1W,  45, -999, -999, -999, -999, -999, -999, -999, -999, -999, -999, -999, -999, -999, -999
19500814, 1800,  , TS, 19.3N, 151.3W,  45, -999, -999, -999, -999, -999, -999, -999, -999, -999, -999, -999, -999, -999, -999
19500815, 0000,  , TS, 20.1N, 152.4W,  45, -999, -999, -999, -999, -999, -999, -999, -999, -999, -999, -999, -999, -999, -999
19500815, 0600,  , TS, 20.7N, 153.4W,  45, -999, -999, -999, -999, -999, -999, -999, -999, -999, -999, -999, -999, -999, -999
19500815, 1200,  , TS, 21.4N, 154.4W,  45, -999, -999, -999, -999, -999, -999, -999, -999, -999, -999, -999, -999, -999, -999
19500815, 1800,  , TS, 22.3N, 155.6W,  45, -999, -999, -999, -999, -999, -999, -999, -999, -999, -999, -999, -999, -999, -999
19500816, 0000,  , HU, 23.0N, 156.6W,  75, -999, -999, -999, -999, -999, -999, -999, -999, -999, -999, -999, -999, -999, -999
19500816, 0600,  , HU, 23.7N, 157.5W,  75, -999, -999, -999, -999, -999, -999, -999, -999, -999, -999, -999, -999, -999, -999
19500816, 1200,  , HU, 24.3N, 158.4W,  75, -999, -999, -999, -999, -999, -999, -999, -999, -999, -999, -999, -999, -999, -999
19500816, 1800,  , HU, 24.7N, 159.6W,  75, -999, -999, -999, -999, -999, -999, -999, -999, -999, -999, -999, -999, -999, -999
19500817, 0000,  , HU, 24.7N, 160.8W,  75, -999, -999, -999, -999, -999, -999, -999, -999, -999, -999, -999, -999, -999, -999
19500817, 0600,  , HU, 24.5N, 161.6W,  75, -999, -999, -999, -999, -999, -999, -999, -999, -999, -999, -999, -999, -999, -999
19500817, 1200,  , HU, 24.0N, 162.4W,  75, -999, -999, -999, -999, -999, -999, -999, -999, -999, -999, -999, -999, -999, -999
19500817, 1800,  , HU, 23.6N, 163.1W,  75, -999, -999, -999, -999, -999, -999, -999, -999, -999, -999, -999, -999, -999, -999
19500818, 0000,  , HU, 23.3N, 163.8W,  75, -999, -999, -999, -999, -999, -999, -999, -999, -999, -999, -999, -999, -999, -999
19500818, 0600,  , HU, 22.8N, 164.7W,  75, -999, -999, -999, -999, -999, -999, -999, -999, -999, -999, -999, -999, -999, -999
19500818, 1200,  , HU, 22.6N, 165.6W,  75, -999, -999, -999, -999, -999, -999, -999, -999, -999, -999, -999, -999, -999, -999
19500818, 1800,  , HU, 22.5N, 166.5W,  75, -999, -999, -999, -999, -999, -999, -999, -999, -999, -999, -999, -999, -999, -999
19500819, 0000,  , HU, 22.5N, 167.4W,  75, -999, -999, -999, -999, -999, -999, -999, -999, -999, -999, -999, -999, -999, -999
19500819, 0600,  , HU, 22.6N, 168.7W,  75, -999, -999, -999, -999, -999, -999, -999, -999, -999, -999, -999, -999, -999, -999
19500819, 1200,  , HU, 22.7N, 169.7W,  75, -999, -999, -999, -999, -999, -999, -999, -999, -999, -999, -999, -999, -999, -999
19500819, 1800,  , TS, 23.2N, 170.4W,  45, -999, -999, -999, -999, -999, -999, -999, -999, -999, -999, -999, -999, -999, -999
19500820, 0000,  , TS, 23.6N, 171.5W,  45, -999, -999, -999, -999, -999, -999, -999, -999, -999, -999, -999, -999, -999, -999
19500820, 0600,  , TS, 24.1N, 172.4W,  45, -999, -999, -999, -999, -999, -999, -999, -999, -999, -999, -999, -999, -999, -999
19500820, 1200,  , TS, 24.7N, 173.7W,  45, -999, -999, -999, -999, -999, -999, -999, -999, -999, -999, -999, -999, -999, -999
19500820, 1800,  , TS, 25.3N, 174.3W,  45, -999, -999, -999, -999, -999, -999, -999, -999, -999, -999, -999, -999, -999, -999
19500821, 0000,  , TS, 26.0N, 175.7W,  45, -999, -999, -999, -999, -999, -999, -999, -999, -999, -999, -999, -999, -999, -999
19500821, 0600,  , TS, 26.7N, 176.9W,  45, -999, -999, -999, -999, -999, -999, -999, -999, -999, -999, -999, -999, -999, -999
19500821, 1200,  , TD, 27.4N, 178.0W,  25, -999, -999, -999, -999, -999, -999, -999, -999, -999, -999, -999, -999, -999, -999
EP041950,            UNNAMED,      5,
19500812, 1200,  , TS, 17.5N, 116.8W,  45, -999, -999, -999, -999, -999, -999, -999, -999, -999, -999, -999, -999, -999, -999
19500812, 1800,  , TS, 17.7N, 116.8W,  45, -999, -999, -999, -999, -999, -999, -999, -999, -999, -999, -999, -999, -999, -999
19500813, 0000,  , TD, 18.0N, 117.1W,  25, -999, -999, -999, -999, -999, -999, -999, -999, -999, -999, -999, -999, -999, -999
19500813, 0600,  , TD, 18.4N, 117.7W,  25, -999, -999, -999, -999, -999, -999, -999, -999, -999, -999, -999, -999, -999, -999
19500813, 1200,  , TD, 18.8N, 118.7W,  25, -999, -999, -999, -999, -999, -999, -999, -999, -999, -999, -999, -999, -999, -999
EP051950,            UNNAMED,     17,
19500826, 1200,  , HU, 17.3N, 131.5W,  75, -999, -999, -999, -999, -999, -999, -999, -999, -999, -999, -999, -999, -999, -999
19500826, 1800,  , HU, 17.7N, 132.4W,  75, -999, -999, -999, -999, -999, -999, -999, -999, -999, -999, -999, -999, -999, -999
19500827, 0000,  , HU, 17.9N, 133.2W,  75, -999, -999, -999, -999, -999, -999, -999, -999, -999, -999, -999, -999, -999, -999
19500827, 0600,  , HU, 17.9N, 133.8W,  75, -999, -999, -999, -999, -999, -999, -999, -999, -999, -999, -999, -999, -999, -999
19500827, 1200,  , HU, 18.0N, 134.4W,  75, -999, -999, -999, -999, -999, -999, -999, -999, -999, -999, -999, -999, -999, -999
19500827, 1800,  , HU, 18.1N, 135.1W,  75, -999, -999, -999, -999, -999, -999, -999, -999, -999, -999, -999, -999, -999, -999
19500828, 0000,  , HU, 18.3N, 135.8W,  75, -999, -999, -999, -999, -999, -999, -999, -999, -999, -999, -999, -999, -999, -999
19500828, 0600,  , HU, 18.5N, 136.4W,  75, -999, -999, -999, -999, -999, -999, -999, -999, -999, -999, -999, -999, -999, -999
19500828, 1200,  , HU, 18.6N, 137.0W,  75, -999, -999, -999, -999, -999, -999, -999, -999, -999, -999, -999, -999, -999, -999
19500828, 1800,  , HU, 18.7N, 137.5W,  75, -999, -999, -999, -999, -999, -999, -999, -999, -999, -999, -999, -999, -999, -999
19500829, 0000,  , HU, 18.8N, 138.1W,  75, -999, -999, -999, -999, -999, -999, -999, -999, -999, -999, -999, -999, -999, -999
19500829, 0600,  , HU, 18.9N, 138.8W,  75, -999, -999, -999, -999, -999, -999, -999, -999, -999, -999, -999, -999, -999, -999
19500829, 1200,  , HU, 19.0N, 139.6W,  75, -999, -999, -999, -999, -999, -999, -999, -999, -999, -999, -999, -999, -999, -999
19500829, 1800,  , HU, 19.1N, 140.3W,  75, -999, -999, -999, -999, -999, -999, -999, -999, -999, -999, -999, -999, -999, -999
19500830, 0000,  , HU, 19.3N, 141.1W,  75, -999, -999, -999, -999, -999, -999, -999, -999, -999, -999, -999, -999, -999, -999
19500830, 0600,  , HU, 19.5N, 142.0W,  75, -999, -999, -999, -999, -999, -999, -999, -999, -999, -999, -999, -999, -999, -999
19500830, 1200,  , HU, 19.7N, 143.0W,  75, -999, -999, -999, -999, -999, -999, -999, -999, -999, -999, -999, -999, -999, -999
EP012004,             AGATHA,     17,
20040522, 0000,  , TD, 14.7N, 107.6W,  25, 1006,    0,    0,    0,    0,    0,    0,    0,    0,    0,    0,    0,    0, -999
20040522, 0600,  , TD, 15.4N, 108.5W,  30, 1006,    0,    0,    0,    0,    0,    0,    0,    0,    0,    0,    0,    0, -999
20040522, 1200,  , TS, 16.0N, 109.1W,  35, 1005,   75,   75,   75,   75,    0,    0,    0,    0,    0,    0,    0,    0, -999
20040522, 1800,  , TS, 16.6N, 109.6W,  45, 1000,   75,   75,   75,   75,    0,    0,    0,    0,    0,    0,    0,    0, -999
20040523, 0000,  , TS, 17.1N, 109.9W,  50,  997,   75,   75,   75,   75,   25,   25,   25,   25,    0,    0,    0,    0, -999
20040523, 0600,  , TS, 17.5N, 110.1W,  45, 1000,   50,   50,   50,   50,    0,    0,    0,    0,    0,    0,    0,    0, -999
20040523, 1200,  , TS, 17.9N, 110.3W,  40, 1002,   50,   50,   50,   50,    0,    0,    0,    0,    0,    0,    0,    0, -999
20040523, 1800,  , TS, 18.2N, 110.5W,  35, 1002,   50,   50,   50,   50,    0,    0,    0,    0,    0,    0,    0,    0, -999
20040524, 0000,  , TD, 18.5N, 110.7W,  30, 1003,    0,    0,    0,    0,    0,    0,    0,    0,    0,    0,    0,    0, -999
20040524, 0600,  , TD, 18.7N, 110.8W,  25, 1005,    0,    0,    0,    0,    0,    0,    0,    0,    0,    0,    0,    0, -999
20040524, 1200,  , LO, 18.9N, 110.9W,  25, 1006,    0,    0,    0,    0,    0,    0,    0,    0,    0,    0,    0,    0, -999
20040524, 1800,  , LO, 18.8N, 111.0W,  25, 1008,    0,    0,    0,    0,    0,    0,    0,    0,    0,    0,    0,    0, -999
20040525, 0000,  , LO, 18.8N, 110.7W,  25, 1008,    0,    0,    0,    0,    0,    0,    0,    0,    0,    0,    0,    0, -999
20040525, 0600,  , LO, 18.6N, 110.2W,  25, 1008,    0,    0,    0,    0,    0,    0,    0,    0,    0,    0,    0,    0, -999
20040525, 1200,  , LO, 18.5N, 110.0W,  20, 1009,    0,    0,    0,    0,    0,    0,    0,    0,    0,    0,    0,    0, -999
20040525, 1800,  , LO, 18.4N, 110.1W,  15, 1010,    0,    0,    0,    0,    0,    0,    0,    0,    0,    0,    0,    0, -999
20040526, 0000,  , LO, 18.7N, 110.4W,  15, 1010,    0,    0,    0,    0,    0,    0,    0,    0,    0,    0,    0,    0, -999
EP022004,            UNNAMED,     11,
20040702, 1200,  , TD, 16.2N, 119.2W,  25, 1008,    0,    0,    0,    0,    0,    0,    0,    0,    0,    0,    0,    0, -999
20040702, 1800,  , TD, 16.6N, 119.9W,  25, 1008,    0,    0,    0,    0,    0,    0,    0,    0,    0,    0,    0,    0, -999
20040703, 0000,  , TD, 17.1N, 120.8W,  30, 1007,    0,    0,    0,    0,    0,    0,    0,    0,    0,    0,    0,    0, -999
20040703, 0600,  , TD, 17.4N, 121.9W,  30, 1007,    0,    0,    0,    0,    0,    0,    0,    0,    0,    0,    0,    0, -999
20040703, 1200,  , TD, 17.6N, 123.0W,  30, 1007,    0,    0,    0,    0,    0,    0,    0,    0,    0,    0,    0,    0, -999
20040703, 1800,  , TD, 17.6N, 124.1W,  25, 1008,    0,    0,    0,    0,    0,    0,    0,    0,    0,    0,    0,    0, -999
20040704, 0000,  , LO, 17.5N, 125.0W,  20, 1008,    0,    0,    0,    0,    0,    0,    0,    0,    0,    0,    0,    0, -999
20040704, 0600,  , LO, 17.0N, 126.1W,  20, 1008,    0,    0,    0,    0,    0,    0,    0,    0,    0,    0,    0,    0, -999
20040704, 1200,  , LO, 16.5N, 127.2W,  20, 1009,    0,    0,    0,    0,    0,    0,    0,    0,    0,    0,    0,    0, -999
20040704, 1800,  , LO, 15.9N, 128.3W,  20, 1009,    0,    0,    0,    0,    0,    0,    0,    0,    0,    0,    0,    0, -999
20040705, 0000,  , LO, 15.2N, 129.3W,  20, 1009,    0,    0,    0,    0,    0,    0,    0,    0,    0,    0,    0,    0, -999
CP012004,            UNNAMED,      9,
20040704, 0000,  , TD,  6.0N, 157.0W,  20, 1009,    0,    0,    0,    0,    0,    0,    0,    0,    0,    0,    0,    0, -999
20040704, 0600,  , TD,  6.4N, 158.8W,  20, 1009,    0,    0,    0,    0,    0,    0,    0,    0,    0,    0,    0,    0, -999
20040704, 1200,  , TD,  6.6N, 160.8W,  20, 1009,    0,    0,    0,    0,    0,    0,    0,    0,    0,    0,    0,    0, -999
20040704, 1800,  , TD,  6.7N, 162.7W,  20, 1007,    0,    0,    0,    0,    0,    0,    0,    0,    0,    0,    0,    0, -999
20040705, 0000,  , TD,  6.8N, 164.7W,  25, 1007,    0,    0,    0,    0,    0,    0,    0,    0,    0,    0,    0,    0, -999
20040705, 0600,  , TD,  6.8N, 166.4W,  25, 1007,    0,    0,    0,    0,    0,    0,    0,    0,    0,    0,    0,    0, -999
20040705, 1200,  , TD,  6.8N, 167.0W,  25, 1007,    0,    0,    0,    0,    0,    0,    0,    0,    0,    0,    0,    0, -999
20040705, 1800,  , TD,  6.8N, 167.5W,  20, 1007,    0,    0,    0,    0,    0,    0,    0,    0,    0,    0,    0,    0, -999
20040706, 0000,  , TD,  7.0N, 167.9W,  20, 1007,    0,    0,    0,    0,    0,    0,    0,    0,    0,    0,    0,    0, -999
EP032004,               BLAS,     28,
20040712, 1200,  , TD, 14.6N, 105.5W,  30, 1006,    0,    0,    0,    0,    0,    0,    0,    0,    0,    0,    0,    0, -999
20040712, 1800,  , TS, 15.5N, 106.8W,  35, 1002,  150,  120,  120,  150,    0,    0,    0,    0,    0,    0,    0,    0, -999
20040713, 0000,  , TS, 16.4N, 108.0W,  45,  997,  200,  150,  120,  200,    0,    0,    0,    0,    0,    0,    0,    0, -999
20040713, 0600,  , TS, 17.3N, 109.3W,  50,  994,  200,  150,  120,  200,   90,   90,    0,    0,    0,    0,    0,    0, -999
20040713, 1200,  , TS, 18.4N, 110.8W,  55,  991,  200,  150,  120,  200,   90,   90,    0,    0,    0,    0,    0,    0, -999
20040713, 1800,  , TS, 19.6N, 112.2W,  50,  994,  150,  120,  120,  150,   90,    0,    0,    0,    0,    0,    0,    0, -999
20040714, 0000,  , TS, 20.7N, 113.7W,  45,  997,  120,  100,  100,  120,    0,    0,    0,    0,    0,    0,    0,    0, -999
20040714, 0600,  , TS, 21.5N, 115.1W,  40,  999,  100,   50,   50,  100,    0,    0,    0,    0,    0,    0,    0,    0, -999
20040714, 1200,  , TS, 22.1N, 116.6W,  35, 1002,  100,   50,   50,  100,    0,    0,    0,    0,    0,    0,    0,    0, -999
20040714, 1800,  , TD, 22.5N, 117.9W,  30, 1004,    0,    0,    0,    0,    0,    0,    0,    0,    0,    0,    0,    0, -999
20040715, 0000,  , TD, 22.9N, 119.2W,  30, 1005,    0,    0,    0,    0,    0,    0,    0,    0,    0,    0,    0,    0, -999
20040715, 0600,  , LO, 23.2N, 120.4W,  30, 1006,    0,    0,    0,    0,    0,    0,    0,    0,    0,    0,    0,    0, -999
20040715, 1200,  , LO, 23.4N, 121.4W,  25, 1007,    0,    0,    0,    0,    0,    0,    0,    0,    0,    0,    0,    0, -999
20040715, 1800,  , LO, 23.6N, 122.3W,  25, 1008,    0,    0,    0,    0,    0,    0,    0,    0,    0,    0,    0,    0, -999
20040716, 0000,  , LO, 23.8N, 123.3W,  25, 1008,    0,    0,    0,    0,    0,    0,    0,    0,    0,    0,    0,    0, -999
20040716, 0600,  , LO, 24.0N, 124.5W,  25, 1008,    0,    0,    0,    0,    0,    0,    0,    0,    0,    0,    0,    0, -999
20040716, 1200,  , LO, 24.1N, 125.5W,  20, 1008,    0,    0,    0,    0,    0,    0,    0,    0,    0,    0,    0,    0, -999
20040716, 1800,  , LO, 24.2N, 126.3W,  20, 1008,    0,    0,    0,    0,    0,    0,    0,    0,    0,    0,    0,    0, -999
20040717, 0000,  , LO, 24.4N, 127.0W,  20, 1009,    0,    0,    0,    0,    0,    0,    0,    0,    0,    0,    0,    0, -999
20040717, 0600,  , LO, 24.8N, 127.5W,  20, 1009,    0,    0,    0,    0,    0,    0,    0,    0,    0,    0,    0,    0, -999
20040717, 1200,  , LO, 25.2N, 127.8W,  20, 1009,    0,    0,    0,    0,    0,    0,    0,    0,    0,    0,    0,    0, -999
20040717, 1800,  , LO, 25.6N, 128.1W,  15, 1010,    0,    0,    0,    0,    0,    0,    0,    0,    0,    0,    0,    0, -999
20040718, 0000,  , LO, 26.0N, 128.3W,  15, 1010,    0,    0,    0,    0,    0,    0,    0,    0,    0,    0,    0,    0, -999
20040718, 0600,  , LO, 26.4N, 128.4W,  15, 1011,    0,    0,    0,    0,    0,    0,    0,    0,    0,    0,    0,    0, -999
20040718, 1200,  , LO, 26.7N, 128.2W,  15, 1012,    0,    0,    0,    0,    0,    0,    0,    0,    0,    0,    0,    0, -999
20040718, 1800,  , LO, 26.9N, 127.9W,  15, 1013,    0,    0,    0,    0,    0,    0,    0,    0,    0,    0,    0,    0, -999
20040719, 0000,  , LO, 26.9N, 127.6W,  15, 1014,    0,    0,    0,    0,    0,    0,    0,    0,    0,    0,    0,    0, -999
20040719, 0600,  , LO, 26.9N, 127.3W,  15, 1015,    0,    0,    0,    0,    0,    0,    0,    0,    0,    0,    0,    0, -999
EP042004,              CELIA,     30,
20040719, 0000,  , TD, 14.4N, 113.1W,  30, 1008,    0,    0,    0,    0,    0,    0,    0,    0,    0,    0,    0,    0, -999
20040719, 0600,  , TD, 14.5N, 114.0W,  30, 1008,    0,    0,    0,    0,    0,    0,    0,    0,    0,    0,    0,    0, -999
20040719, 1200,  , TS, 14.7N, 114.9W,  35, 1005,   60,   50,   50,   60,    0,    0,    0,    0,    0,    0,    0,    0, -999
20040719, 1800,  , TS, 14.9N, 115.7W,  45, 1000,   60,   50,   50,   60,    0,    0,    0,    0,    0,    0,    0,    0, -999
20040720, 0000,  , TS, 15.0N, 116.3W,  45, 1000,   70,   50,   50,   70,    0,    0,    0,    0,    0,    0,    0,    0, -999
20040720, 0600,  , TS, 15.2N, 116.9W,  45, 1000,   70,   50,   50,   70,    0,    0,    0,    0,    0,    0,    0,    0, -999
20040720, 1200,  , TS, 15.3N, 117.4W,  45, 1000,   70,   50,   20,   70,    0,    0,    0,    0,    0,    0,    0,    0, -999
20040720, 1800,  , TS, 15.5N, 118.0W,  50,  997,   70,   50,   20,   70,   15,   15,    0,   15,    0,    0,    0,    0, -999
20040721, 0000,  , TS, 15.9N, 118.7W,  50,  997,   70,   50,   20,   70,   15,   15,    0,   15,    0,    0,    0,    0, -999
20040721, 0600,  , TS, 16.0N, 119.3W,  50,  997,   70,   60,   40,   70,   15,   15,   15,   15,    0,    0,    0,    0, -999
20040721, 1200,  , TS, 16.1N, 119.8W,  55,  994,   70,   70,   70,   70,   20,   20,   20,   20,    0,    0,    0,    0, -999
20040721, 1800,  , TS, 16.2N, 120.5W,  60,  991,   70,   60,   40,   70,   30,   30,   20,   30,    0,    0,    0,    0, -999
20040722, 0000,  , HU, 16.3N, 121.0W,  65,  987,   70,   70,   50,   70,   30,   30,   20,   30,   15,   15,   10,   15, -999
20040722, 0600,  , HU, 16.3N, 121.5W,  75,  981,   70,   70,   70,   70,   35,   35,   35,   35,   15,   15,   15,   15, -999
20040722, 1200,  , HU, 16.3N, 122.2W,  70,  984,   70,   70,   70,   70,   35,   35,   35,   35,   15,   15,   15,   15, -999
20040722, 1800,  , TS, 16.3N, 123.0W,  60,  990,   70,   70,   70,   70,   30,   30,   30,   30,    0,    0,    0,    0, -999
20040723, 0000,  , TS, 16.3N, 123.9W,  50,  997,   50,   40,   40,   50,   15,    0,    0,   15,    0,    0,    0,    0, -999
20040723, 0600,  , TS, 16.2N, 124.6W,  40, 1002,   50,   25,   25,   50,    0,    0,    0,    0,    0,    0,    0,    0, -999
20040723, 1200,  , TS, 16.1N, 125.3W,  35, 1004,   50,    0,    0,   50,    0,    0,    0,    0,    0,    0,    0,    0, -999
20040723, 1800,  , TS, 16.1N, 126.1W,  35, 1004,   50,    0,   40,   50,    0,    0,    0,    0,    0,    0,    0,    0, -999
20040724, 0000,  , TS, 16.4N, 126.9W,  35, 1004,   50,    0,   40,   50,    0,    0,    0,    0,    0,    0,    0,    0, -999
20040724, 0600,  , TS, 16.7N, 127.6W,  35, 1004,   50,    0,    0,    0,    0,    0,    0,    0,    0,    0,    0,    0, -999
20040724, 1200,  , TD, 17.0N, 128.4W,  30, 1005,    0,    0,    0,    0,    0,    0,    0,    0,    0,    0,    0,    0, -999
20040724, 1800,  , TD, 17.3N, 129.6W,  30, 1005,    0,    0,    0,    0,    0,    0,    0,    0,    0,    0,    0,    0, -999
20040725, 0000,  , TD, 17.6N, 130.7W,  30, 1006,    0,    0,    0,    0,    0,    0,    0,    0,    0,    0,    0,    0, -999
20040725, 0600,  , TD, 17.9N, 131.9W,  30, 1006,    0,    0,    0,    0,    0,    0,    0,    0,    0,    0,    0,    0, -999
20040725, 1200,  , TD, 18.4N, 133.0W,  30, 1006,    0,    0,    0,    0,    0,    0,    0,    0,    0,    0,    0,    0, -999
20040725, 1800,  , TD, 18.7N, 134.1W,  25, 1007,    0,    0,    0,    0,    0,    0,    0,    0,    0,    0,    0,    0, -999
20040726, 0000,  , LO, 19.1N, 135.2W,  25, 1009,    0,    0,    0,    0,    0,    0,    0,    0,    0,    0,    0,    0, -999
20040726, 0600,  , LO, 19.1N, 136.6W,  25, 1010,    0,    0,    0,    0,    0,    0,    0,    0,    0,    0,    0,    0, -999
EP052004,              DARBY,     24,
20040726, 1200,  , TD, 12.2N, 112.8W,  25, 1008,    0,    0,    0,    0,    0,    0,    0,    0,    0,    0,    0,    0, -999
20040726, 1800,  , TD, 12.3N, 114.2W,  30, 1007,    0,    0,    0,    0,    0,    0,    0,    0,    0,    0,    0,    0, -999
20040727, 0000,  , TS, 12.5N, 115.5W,  35, 1003,   70,   70,   50,   70,    0,    0,    0,    0,    0,    0,    0,    0, -999
20040727, 0600,  , TS, 12.9N, 116.8W,  45, 1000,   70,   70,   50,   70,    0,    0,    0,    0,    0,    0,    0,    0, -999
20040727, 1200,  , TS, 13.2N, 118.0W,  55,  993,   70,   70,   50,   70,   35,   35,   25,   35,    0,    0,    0,    0, -999
20040727, 1800,  , TS, 13.6N, 119.1W,  60,  990,   75,   75,   55,   70,   35,   35,   25,   35,    0,    0,    0,    0, -999
20040728, 0000,  , HU, 14.1N, 120.5W,  65,  987,   75,   75,   55,   70,   40,   40,   30,   30,   15,   15,    0,    0, -999
20040728, 0600,  , HU, 14.6N, 121.7W,  70,  983,   75,   75,   55,   70,   40,   40,   30,   30,   20,   20,   15,   15, -999
20040728, 1200,  , HU, 15.2N, 122.8W,  80,  977,   90,   90,   60,   70,   45,   45,   30,   30,   25,   25,   20,   20, -999
20040728, 1800,  , HU, 15.8N, 124.0W,  90,  970,   90,  105,   60,   75,   50,   50,   30,   30,   20,   20,   20,   20, -999
20040729, 0000,  , HU, 16.3N, 125.2W,  95,  964,   90,  120,   60,   75,   60,   50,   30,   30,   25,   25,   20,   20, -999
20040729, 0600,  , HU, 16.8N, 126.2W, 105,  957,  105,  120,   75,   90,   80,   60,   40,   50,   40,   30,   20,   35, -999
20040729, 1200,  , HU, 17.4N, 127.2W, 100,  960,  120,  120,   75,  105,   80,   60,   40,   60,   40,   30,   20,   35, -999
20040729, 1800,  , HU, 17.8N, 128.2W,  95,  964,  120,  120,   75,  105,   80,   60,   40,   60,   40,   30,   20,   35, -999
20040730, 0000,  , HU, 18.1N, 129.2W,  75,  980,  105,  105,   60,  105,   60,   50,   40,   60,   30,   20,   20,   20, -999
20040730, 0600,  , HU, 18.3N, 130.3W,  65,  987,  105,   75,   50,  105,   60,   40,   30,   60,   20,    0,    0,   20, -999
20040730, 1200,  , TS, 18.4N, 131.7W,  55,  994,  105,   60,   40,  105,   50,   20,   20,   50,    0,    0,    0,    0, -999
20040730, 1800,  , TS, 18.6N, 133.2W,  45,  998,  105,   40,   40,  105,    0,    0,    0,    0,    0,    0,    0,    0, -999
20040731, 0000,  , TS, 18.7N, 134.6W,  40, 1000,  100,   30,   30,  100,    0,    0,    0,    0,    0,    0,    0,    0, -999
20040731, 0600,  , TS, 18.8N, 136.0W,  35, 1002,   90,    0,    0,   90,    0,    0,    0,    0,    0,    0,    0,    0, -999
20040731, 1200,  , TD, 18.8N, 137.3W,  30, 1005,    0,    0,    0,    0,    0,    0,    0,    0,    0,    0,    0,    0, -999
20040731, 1800,  , TD, 18.9N, 138.8W,  25, 1007,    0,    0,    0,    0,    0,    0,    0,    0,    0,    0,    0,    0, -999
20040801, 0000,  , TD, 19.0N, 140.4W,  25, 1007,    0,    0,    0,    0,    0,    0,    0,    0,    0,    0,    0,    0, -999
20040801, 0600,  , TD, 19.3N, 142.0W,  25, 1007,    0,    0,    0,    0,    0,    0,    0,    0,    0,    0,    0,    0, -999
EP062004,            UNNAMED,      4,
20040801, 0600,  , TD, 12.4N, 126.1W,  25, 1008,    0,    0,    0,    0,    0,    0,    0,    0,    0,    0,    0,    0, -999
20040801, 1200,  , TD, 12.0N, 126.9W,  25, 1008,    0,    0,    0,    0,    0,    0,    0,    0,    0,    0,    0,    0, -999
20040801, 1800,  , TD, 12.0N, 127.5W,  25, 1008,    0,    0,    0,    0,    0,    0,    0,    0,    0,    0,    0,    0, -999
20040802, 0000,  , TD, 12.0N, 127.8W,  25, 1008,    0,    0,    0,    0,    0,    0,    0,    0,    0,    0,    0,    0, -999
EP072004,            ESTELLE,     27,
20040819, 0600,  , TD, 11.6N, 131.8W,  30, 1008,    0,    0,    0,    0,    0,    0,    0,    0,    0,    0,    0,    0, -999
20040819, 1200,  , TD, 11.6N, 132.7W,  30, 1008,    0,    0,    0,    0,    0,    0,    0,    0,    0,    0,    0,    0, -999
20040819, 1800,  , TD, 12.0N, 134.0W,  30, 1008,    0,    0,    0,    0,    0,    0,    0,    0,    0,    0,    0,    0, -999
20040820, 0000,  , TD, 12.9N, 135.0W,  30, 1007,    0,    0,    0,    0,    0,    0,    0,    0,    0,    0,    0,    0, -999
20040820, 0600,  , TS, 13.6N, 136.3W,  35, 1006,  100,   50,   50,   50,    0,    0,    0,    0,    0,    0,    0,    0, -999
20040820, 1200,  , TS, 13.9N, 137.3W,  35, 1005,  100,   50,   50,   50,    0,    0,    0,    0,    0,    0,    0,    0, -999
20040820, 1800,  , TS, 14.0N, 138.3W,  45, 1000,  100,   50,   50,   50,    0,    0,    0,    0,    0,    0,    0,    0, -999
20040821, 0000,  , TS, 14.3N, 139.3W,  55,  994,  100,  100,  100,  100,   25,   25,   25,   25,    0,    0,    0,    0, -999
20040821, 0600,  , TS, 14.6N, 140.1W,  55,  992,  110,   90,   90,  110,   30,   25,   25,   30,    0,    0,    0,    0, -999
20040821, 1200,  , TS, 15.0N, 140.8W,  60,  989,  115,   90,   90,  115,   35,   25,   25,   35,    0,    0,    0,    0, -999
20040821, 1800,  , TS, 15.4N, 141.2W,  60,  990,  115,   90,   90,  115,   35,   25,   25,   35,    0,    0,    0,    0, -999
20040822, 0000,  , TS, 15.8N, 141.6W,  55,  995,  105,   80,   80,  105,   35,   25,   25,   35,    0,    0,    0,    0, -999
20040822, 0600,  , TS, 16.0N, 142.1W,  50,  996,  150,   50,   50,  150,   20,   10,   10,   20,    0,    0,    0,    0, -999
20040822, 1200,  , TS, 16.1N, 142.4W,  35,  998,  120,   30,   30,  120,    0,    0,    0,    0,    0,    0,    0,    0, -999
20040822, 1800,  , TS, 16.2N, 142.8W,  35,  998,  120,   30,   30,  120,    0,    0,    0,    0,    0,    0,    0,    0, -999
20040823, 0000,  , TD, 16.4N, 143.4W,  30,  998,    0,    0,    0,    0,    0,    0,    0,    0,    0,    0,    0,    0, -999
20040823, 0600,  , TD, 16.4N, 144.2W,  30, 1002,    0,    0,    0,    0,    0,    0,    0,    0,    0,    0,    0,    0, -999
20040823, 1200,  , TD, 16.3N, 145.1W,  30, 1006,    0,    0,    0,    0,    0,    0,    0,    0,    0,    0,    0,    0, -999
20040823, 1800,  , TD, 16.2N, 145.9W,  30, 1008,    0,    0,    0,    0,    0,    0,    0,    0,    0,    0,    0,    0, -999
20040824, 0000,  , TD, 16.0N, 147.0W,  25, 1010,    0,    0,    0,    0,    0,    0,    0,    0,    0,    0,    0,    0, -999
20040824, 0600,  , TD, 15.7N, 148.2W,  25, 1012,    0,    0,    0,    0,    0,    0,    0,    0,    0,    0,    0,    0, -999
20040824, 1200,  , TD, 15.3N, 149.2W,  25, 1012,    0,    0,    0,    0,    0,    0,    0,    0,    0,    0,    0,    0, -999
20040824, 1800,  , LO, 15.0N, 150.5W,  20, 1012,    0,    0,    0,    0,    0,    0,    0,    0,    0,    0,    0,    0, -999
20040825, 0000,  , LO, 14.5N, 151.5W,  20, 1012,    0,    0,    0,    0,    0,    0,    0,    0,    0,    0,    0,    0, -999
20040825, 0600,  , LO, 14.3N, 152.5W,  20, 1012,    0,    0,    0,    0,    0,    0,    0,    0,    0,    0,    0,    0, -999
20040825, 1200,  , LO, 14.2N, 153.2W,  20, 1012,    0,    0,    0,    0,    0,    0,    0,    0,    0,    0,    0,    0, -999
20040825, 1800,  , LO, 14.0N, 154.0W,  20, 1012,    0,    0,    0,    0,    0,    0,    0,    0,    0,    0,    0,    0, -999
EP082004,              FRANK,     18,
20040823, 0600,  , TD, 16.7N, 110.2W,  30, 1005,    0,    0,    0,    0,    0,    0,    0,    0,    0,    0,    0,    0, -999
20040823, 1200,  , TS, 17.3N, 111.2W,  45, 1004,   60,   60,   60,   60,    0,    0,    0,    0,    0,    0,    0,    0, -999
20040823, 1800,  , HU, 18.0N, 112.2W,  65,  990,   60,   60,   60,   60,   25,   25,   25,   25,   10,   10,   10,   10, -999
20040824, 0000,  , HU, 18.8N, 113.0W,  65,  987,   60,   60,   60,   60,   25,   25,   25,   25,   15,   15,   15,   15, -999
20040824, 0600,  , HU, 19.5N, 113.7W,  75,  979,   75,   75,   75,   75,   30,   30,   30,   30,   15,   15,   15,   15, -999
20040824, 1200,  , HU, 20.2N, 114.3W,  75,  979,   75,   75,   75,   75,   30,   30,   30,   30,   15,   15,   15,   15, -999
20040824, 1800,  , HU, 20.8N, 115.0W,  70,  983,   75,   75,   75,   75,   30,   30,   30,   30,   15,   15,   15,   15, -999
20040825, 0000,  , HU, 21.3N, 115.6W,  65,  987,   75,   75,   75,   75,   30,   30,   30,   30,   15,   15,   15,   15, -999
20040825, 0600,  , TS, 21.6N, 116.2W,  50,  997,   70,   70,   70,   70,   25,   25,   25,   25,    0,    0,    0,    0, -999
20040825, 1200,  , TS, 21.8N, 116.9W,  45, 1000,   70,   70,   70,   70,    0,    0,    0,    0,    0,    0,    0,    0, -999
20040825, 1800,  , TS, 22.0N, 117.6W,  40, 1002,   60,   60,   60,   60,    0,    0,    0,    0,    0,    0,    0,    0, -999
20040826, 0000,  , TD, 22.1N, 118.3W,  30, 1006,    0,    0,    0,    0,    0,    0,    0,    0,    0,    0,    0,    0, -999
20040826, 0600,  , LO, 22.3N, 119.0W,  25, 1007,    0,    0,    0,    0,    0,    0,    0,    0,    0,    0,    0,    0, -999
20040826, 1200,  , LO, 22.6N, 119.6W,  25, 1007,    0,    0,    0,    0,    0,    0,    0,    0,    0,    0,    0,    0, -999
20040826, 1800,  , LO, 22.5N, 120.0W,  25, 1007,    0,    0,    0,    0,    0,    0,    0,    0,    0,    0,    0,    0, -999
20040827, 0000,  , LO, 22.3N, 120.5W,  25, 1007,    0,    0,    0,    0,    0,    0,    0,    0,    0,    0,    0,    0, -999
20040827, 0600,  , LO, 22.0N, 121.0W,  25, 1007,    0,    0,    0,    0,    0,    0,    0,    0,    0,    0,    0,    0, -999
20040827, 1200,  , LO, 21.5N, 121.5W,  25, 1007,    0,    0,    0,    0,    0,    0,    0,    0,    0,    0,    0,    0, -999
EP092004,            UNNAMED,     19,
20040823, 1800,  , TD, 17.3N, 123.6W,  25, 1008,    0,    0,    0,    0,    0,    0,    0,    0,    0,    0,    0,    0, -999
20040824, 0000,  , TD, 17.8N, 123.7W,  30, 1006,    0,    0,    0,    0,    0,    0,    0,    0,    0,    0,    0,    0, -999
20040824, 0600,  , TD, 18.2N, 123.9W,  30, 1005,    0,    0,    0,    0,    0,    0,    0,    0,    0,    0,    0,    0, -999
20040824, 1200,  , TD, 18.4N, 124.2W,  30, 1005,    0,    0,    0,    0,    0,    0,    0,    0,    0,    0,    0,    0, -999
20040824, 1800,  , TD, 18.6N, 124.8W,  30, 1005,    0,    0,    0,    0,    0,    0,    0,    0,    0,    0,    0,    0, -999
20040825, 0000,  , TD, 18.9N, 125.4W,  30, 1005,    0,    0,    0,    0,    0,    0,    0,    0,    0,    0,    0,    0, -999
20040825, 0600,  , TD, 19.2N, 126.0W,  25, 1007,    0,    0,    0,    0,    0,    0,    0,    0,    0,    0,    0,    0, -999
20040825, 1200,  , TD, 19.4N, 126.8W,  25, 1007,    0,    0,    0,    0,    0,    0,    0,    0,    0,    0,    0,    0, -999
20040825, 1800,  , TD, 19.7N, 127.7W,  25, 1009,    0,    0,    0,    0,    0,    0,    0,    0,    0,    0,    0,    0, -999
20040826, 0000,  , TD, 19.9N, 128.7W,  25, 1009,    0,    0,    0,    0,    0,    0,    0,    0,    0,    0,    0,    0, -999
20040826, 0600,  , TD, 20.0N, 129.7W,  25, 1009,    0,    0,    0,    0,    0,    0,    0,    0,    0,    0,    0,    0, -999
20040826, 1200,  , TD, 20.0N, 130.8W,  25, 1009,    0,    0,    0,    0,    0,    0,    0,    0,    0,    0,    0,    0, -999
20040826, 1800,  , LO, 19.9N, 131.9W,  25, 1009,    0,    0,    0,    0,    0,    0,    0,    0,    0,    0,    0,    0, -999
20040827, 0000,  , LO, 19.8N, 133.2W,  20, 1009,    0,    0,    0,    0,    0,    0,    0,    0,    0,    0,    0,    0, -999
20040827, 0600,  , LO, 19.7N, 134.1W,  20, 1009,    0,    0,    0,    0,    0,    0,    0,    0,    0,    0,    0,    0, -999
20040827, 1200,  , LO, 19.5N, 135.0W,  20, 1009,    0,    0,    0,    0,    0,    0,    0,    0,    0,    0,    0,    0, -999
20040827, 1800,  , LO, 19.0N, 136.0W,  20, 1010,    0,    0,    0,    0,    0,    0,    0,    0,    0,    0,    0,    0, -999
20040828, 0000,  , LO, 18.5N, 137.0W,  20, 1010,    0,    0,    0,    0,    0,    0,    0,    0,    0,    0,    0,    0, -999
20040828, 0600,  , LO, 18.0N, 138.5W,  20, 1010,    0,    0,    0,    0,    0,    0,    0,    0,    0,    0,    0,    0, -999